0.4968
0.5028
0.5078
0.4976
0.4972
0.4954
0.5041
0.5007
0.4949
0.5082
0.507
0.4995
0.4977
0.4994
0.5003
0.504
0.5039
0.5049
0.4999
0.5008
0.4964
0.501
0.5018
0.4964
0.4953
0.5007
0.4904
0.5013
0.5057
0.4953
0.5112
0.4963
0.4998
0.5067
0.4965
0.4991
0.5055
0.4947
0.4942
0.5074
0.5029
0.4957
0.5048
0.506
0.4991
0.502
0.4967
0.4946
0.4994
0.5066
0.497
0.4989
0.5052
0.5027
0.5001
0.5038
0.5029
0.5067
0.506
0.5104
0.4985
0.5029
0.5085
0.4948
0.5004
0.5032
0.5026
0.4923
0.4968
0.4958
0.4972
0.5026
0.4937
0.4987
0.4965
0.4966
0.4941
0.4978
0.5033
0.4976
0.4904
0.5005
0.5095
0.4987
0.5051
0.4963
0.4955
0.4961
0.5035
0.506
0.495
0.4994
0.5039
0.5018
0.5007
0.5045
0.4941
0.4993
0.4966
0.5047
0.5082
0.5016
0.5067
0.5019
0.4996
0.5049
0.4959
0.497
0.5049
0.5072
0.5013
0.4933
0.4951
0.5019
0.5091
0.5008
0.5002
0.4975
0.5012
0.4984
0.5118
0.4984